Problem:    
Rows:       332
Columns:    125 (25 integer, 25 binary)
Non-zeros:  718
Status:     INTEGER OPTIMAL
Objective:  obj = -9.497203 (MINimum)

   No.   Row name        Activity     Lower bound   Upper bound
------ ------------    ------------- ------------- -------------
     1 r.60                        0                           0 
     2 r.61                        0                           0 
     3 r.62                        0            -1               
     4 r.63                        0                           0 
     5 r.64                        0                           0 
     6 r.65                        0            -1               
     7 r.66                        0                           0 
     8 r.67                        0                           0 
     9 r.68                        0            -1               
    10 r.69                        0                           0 
    11 r.70                       -1                           0 
    12 r.71                       -1            -1               
    13 r.72                        0                           0 
    14 r.73                        0                           0 
    15 r.74                        0            -1               
    16 r.75                        0                           0 
    17 r.76                        0                           0 
    18 r.77                        0            -1               
    19 r.78                        0                           0 
    20 r.79                       -1                           0 
    21 r.80                       -1            -1               
    22 r.81                        0                           0 
    23 r.82                        0                           0 
    24 r.83                        0            -1               
    25 r.84                        0                           0 
    26 r.85                        0                           0 
    27 r.86                        0            -1               
    28 r.87                        0                           0 
    29 r.88                        0                           0 
    30 r.89                        0            -1               
    31 r.90                        0                           0 
    32 r.91                        0                           0 
    33 r.92                        0            -1               
    34 r.93                       -1                           0 
    35 r.94                        0                           0 
    36 r.95                       -1            -1               
    37 r.96                       -1                           0 
    38 r.97                        0                           0 
    39 r.98                       -1            -1               
    40 r.99                       -1                           0 
    41 r.100                       0                           0 
    42 r.101                      -1            -1               
    43 r.102                      -1                           0 
    44 r.103                       0                           0 
    45 r.104                      -1            -1               
    46 r.105                      -1                           0 
    47 r.106                       0                           0 
    48 r.107                      -1            -1               
    49 r.108                      -1                           0 
    50 r.109                       0                           0 
    51 r.110                      -1            -1               
    52 r.111                      -1                           0 
    53 r.112                       0                           0 
    54 r.113                      -1            -1               
    55 r.114                      -1                           0 
    56 r.115                       0                           0 
    57 r.116                      -1            -1               
    58 r.117                      -1                           0 
    59 r.118                       0                           0 
    60 r.119                      -1            -1               
    61 r.120                      -1                           0 
    62 r.121                       0                           0 
    63 r.122                      -1            -1               
    64 r.123                      -1                           0 
    65 r.124                       0                           0 
    66 r.125                      -1            -1               
    67 r.126                      -1                           0 
    68 r.127                       0                           0 
    69 r.128                      -1            -1               
    70 r.129                      -1                           0 
    71 r.130                       0                           0 
    72 r.131                      -1            -1               
    73 r.132                       0                           0 
    74 r.133                       0                           0 
    75 r.134                       0            -1               
    76 r.135                       0                           0 
    77 r.136                       0                           0 
    78 r.137                       0            -1               
    79 r.138                       0                           0 
    80 r.139                       0                           0 
    81 r.140                       0            -1               
    82 r.141                       0                           0 
    83 r.142                       0                           0 
    84 r.143                       0            -1               
    85 r.144                       0                           0 
    86 r.145                       0                           0 
    87 r.146                       0            -1               
    88 r.147                       0                           0 
    89 r.148                       0                           0 
    90 r.149                       0            -1               
    91 r.150                       0                           0 
    92 r.151                       0                           0 
    93 r.152                       0            -1               
    94 r.153                       0                           0 
    95 r.154                       0                           0 
    96 r.155                       0            -1               
    97 r.156                       0                           0 
    98 r.157                       0                           0 
    99 r.158                       0            -1               
   100 r.159                       0                           0 
   101 r.160                       0                           0 
   102 r.161                       0            -1               
   103 r.162                       0                           0 
   104 r.163                       0                           0 
   105 r.164                       0            -1               
   106 r.165                       0                           0 
   107 r.166                       0                           0 
   108 r.167                       0            -1               
   109 r.168                       0                           0 
   110 r.169                       0                           0 
   111 r.170                       0            -1               
   112 r.171                       0                           0 
   113 r.172                       0                           0 
   114 r.173                       0            -1               
   115 r.174                       0                           0 
   116 r.175                       0                           0 
   117 r.176                       0            -1               
   118 r.177                       0                           0 
   119 r.178                       0                           0 
   120 r.179                       0            -1               
   121 r.180                       0                           0 
   122 r.181                       0                           0 
   123 r.182                       0            -1               
   124 r.183                       0                           0 
   125 r.184                       0                           0 
   126 r.185                       0            -1               
   127 r.186                       0                           0 
   128 r.187                       0                           0 
   129 r.188                       0            -1               
   130 r.189                       0                           0 
   131 r.190                       0                           0 
   132 r.191                       0            -1               
   133 r.192                       0                           0 
   134 r.193                       0                           0 
   135 r.194                       0            -1               
   136 r.195                       0                           0 
   137 r.196                       0                           0 
   138 r.197                       0            -1               
   139 r.198                       0                           0 
   140 r.199                       0                           0 
   141 r.200                       0            -1               
   142 r.201                       0                           0 
   143 r.202                       0                           0 
   144 r.203                       0            -1               
   145 r.204                       0                           0 
   146 r.205                       0                           0 
   147 r.206                       0            -1               
   148 r.207                       0                           0 
   149 r.208                       0                           0 
   150 r.209                       0            -1               
   151 r.210                       0                           0 
   152 r.211                       0                           0 
   153 r.212                       0            -1               
   154 r.213                       0                           0 
   155 r.214                       0                           0 
   156 r.215                       0            -1               
   157 r.216                       0                           0 
   158 r.217                       0                           0 
   159 r.218                       0            -1               
   160 r.219                       0                           0 
   161 r.220                       0                           0 
   162 r.221                       0            -1               
   163 r.222                       0                           0 
   164 r.223                       0                           0 
   165 r.224                       0            -1               
   166 r.225                       0                           0 
   167 r.226                       0                           0 
   168 r.227                       0            -1               
   169 r.228                       0                           0 
   170 r.229                       0                           0 
   171 r.230                       0            -1               
   172 r.231                       0                           0 
   173 r.232                       0                           0 
   174 r.233                       0            -1               
   175 r.234                       0                           0 
   176 r.235                       0                           0 
   177 r.236                       0            -1               
   178 r.237                       0                           0 
   179 r.238                       0                           0 
   180 r.239                       0            -1               
   181 r.240                       0                           0 
   182 r.241                       0                           0 
   183 r.242                       0            -1               
   184 r.243                       0                           0 
   185 r.244                       0                           0 
   186 r.245                       0            -1               
   187 r.246                       0                           0 
   188 r.247                       0                           0 
   189 r.248                       0            -1               
   190 r.249                       0                           0 
   191 r.250                       0                           0 
   192 r.251                       0            -1               
   193 r.252                       0                           0 
   194 r.253                       0                           0 
   195 r.254                       0            -1               
   196 r.255                       0                           0 
   197 r.256                       0                           0 
   198 r.257                       0            -1               
   199 r.258                       0                           0 
   200 r.259                       0                           0 
   201 r.260                       0            -1               
   202 r.261                       0                           0 
   203 r.262                       0                           0 
   204 r.263                       0            -1               
   205 r.264                       0             0               
   206 r.266                       0             0               
   207 r.269                       0             0               
   208 r.271                       0             0               
   209 r.273                       0             0               
   210 r.278                       0             0               
   211 r.280                       0             0               
   212 r.284                       0             0               
   213 r.286                       0             0               
   214 r.292                       0             0               
   215 r.294                       0             0               
   216 r.296                       0             0               
   217 r.298                       0             0               
   218 r.300                       0             0               
   219 r.304                       0             0               
   220 r.307                       0             0               
   221 r.310                       0             0               
   222 r.312                       0             0               
   223 r.314                       0             0               
   224 r.316                       0             0               
   225 r.318                       0             0               
   226 r.320                       0             0               
   227 r.322                       0             0               
   228 r.324                       0             0               
   229 r.328                       0             0               
   230 r.331                       0             0               
   231 r.334                       0             0               
   232 r.336                       0             0               
   233 r.338                       0             0               
   234 r.340                       0             0               
   235 r.342                       0             0               
   236 r.344                       0             0               
   237 r.346                       0                           1 
   238 r.347                       0                           1 
   239 r.348                       0                           1 
   240 r.349                       1                           1 
   241 r.350                       0                           1 
   242 r.351                       1                           1 
   243 r.352                       0                           1 
   244 r.353                       0                           1 
   245 r.354                       0                           1 
   246 r.355                       0                           1 
   247 r.356                       0                           1 
   248 r.357                       0                           1 
   249 r.358                       0                           1 
   250 r.359                       0                           1 
   251 r.360                       0                           1 
   252 r.361                       0                           1 
   253 r.362                       0                           1 
   254 r.363                       0                           1 
   255 r.364                       0                           1 
   256 r.365                       0                           1 
   257 r.366                       0                           1 
   258 r.367                       0                           1 
   259 r.368                       0                           1 
   260 r.369                       0                           1 
   261 r.370                       0                           1 
   262 r.371                       0                           1 
   263 r.372                       0                           1 
   264 r.373                       0                           1 
   265 r.374                       1                           1 
   266 r.375                       1                           1 
   267 r.376                       1                           1 
   268 r.377                       1                           1 
   269 r.378                       0                           1 
   270 r.379                       0                           1 
   271 r.380                       0                           1 
   272 r.381                       1                           1 
   273 r.382                       0                           1 
   274 r.383                       0                           1 
   275 r.384                       1                           1 
   276 r.385                       0                           1 
   277 r.386                       0                           1 
   278 r.387                       0                           1 
   279 r.388                       1                           1 
   280 r.389                       1                           1 
   281 r.390                       1                           1 
   282 r.391                       1                           1 
   283 r.392                       1                           1 
   284 r.393                       1                           1 
   285 r.394                       1                           1 
   286 r.395                       1                           1 
   287 r.396                       1                           1 
   288 r.397                       1                           1 
   289 r.398                       1                           1 
   290 r.399                       1                           1 
   291 r.400                       1                           1 
   292 r.401                       0                           1 
   293 r.402                       0                           1 
   294 r.403                       0                           1 
   295 r.404                       0                           1 
   296 r.405                       0                           1 
   297 r.406                       0                           1 
   298 r.407                       0                           1 
   299 r.408                       0                           1 
   300 r.409                       0                           1 
   301 r.410                       0                           1 
   302 r.411                       0                           1 
   303 r.412                       0                           1 
   304 r.413                       0                           1 
   305 r.414                       0                           1 
   306 r.415                       0                           1 
   307 r.416                       0                           1 
   308 r.417                       0                           1 
   309 r.418                       0                           1 
   310 r.419                       0                           1 
   311 r.420                       0                           1 
   312 r.421                       0                           1 
   313 r.422                       0                           1 
   314 r.423                       0                           1 
   315 r.424                       0                           1 
   316 r.425                       0                           1 
   317 r.426                       0                           1 
   318 r.427                       0                           1 
   319 r.428                       0                           1 
   320 r.429                       0                           1 
   321 r.430                       0                           1 
   322 r.431                       0                           1 
   323 r.432                       0                           1 
   324 r.433                       0                           1 
   325 r.434                       0                           1 
   326 r.435                       0                           1 
   327 r.436                       0                           1 
   328 r.437                       0                           1 
   329 r.438                       0                           1 
   330 r.439                       0                           1 
   331 r.440                       0                           1 
   332 r.441                       0                           1 

   No. Column name       Activity     Lower bound   Upper bound
------ ------------    ------------- ------------- -------------
     1 xx1          *              1             0             1 
     2 xx2          *              0             0             1 
     3 xx3          *              0             0             1 
     4 xx4          *              0             0             1 
     5 xx5          *              1             0             1 
     6 xx6          *              0             0             1 
     7 xx7          *              0             0             1 
     8 xx8          *              0             0             1 
     9 xx9          *              0             0             1 
    10 xx10         *              0             0             1 
    11 xx11         *              1             0             1 
    12 xx12         *              0             0             1 
    13 xx13         *              0             0             1 
    14 xx14         *              0             0             1 
    15 xx15         *              0             0             1 
    16 xx16         *              0             0             1 
    17 xx17         *              0             0             1 
    18 xx18         *              0             0             1 
    19 xx19         *              0             0             1 
    20 xx20         *              0             0             1 
    21 xx21         *              0             0             1 
    22 xx22         *              0             0             1 
    23 xx23         *              0             0             1 
    24 xx24         *              0             0             1 
    25 xx25         *              0             0             1 
    26 yy2                         0             0               
    27 yy3                         0             0               
    28 yy7                         0             0               
    29 yy8                         1             0               
    30 yy10                        0             0               
    31 yy11                        1             0               
    32 yy13                        0             0               
    33 yy14                        0             0               
    34 yy15                        0             0               
    35 yy16                        0             0               
    36 yy17                        0             0               
    37 yy19                        0             0               
    38 yy23                        0             0               
    39 yy24                        0             0               
    40 yy25                        0             0               
    41 yy27                        0             0               
    42 yy28                        0             0               
    43 yy29                        0             0               
    44 yy31                        0             0               
    45 yy34                        0             0               
    46 yy51                        0             0               
    47 yy57                        0             0               
    48 yy58                        0             0               
    49 yy63                        0             0               
    50 yy69                        0             0               
    51 yy71                        0             0               
    52 yy73                        0             0               
    53 yy78                        0             0               
    54 yy82                        1             0               
    55 yy97                        1             0               
    56 yy102                       1             0               
    57 yy103                       1             0               
    58 zz2,6                       0             0               
    59 zz2,14                      0             0               
    60 zz2,22                      0             0               
    61 zz3,5                       0             0               
    62 zz3,8                       0             0               
    63 zz3,21                      0             0               
    64 zz4,5                       0             0               
    65 zz4,7                       0             0               
    66 zz4,13                      0             0               
    67 zz4,19                      0             0               
    68 zz4,25                      0             0               
    69 zz5,7                       0             0               
    70 zz5,8                       0             0               
    71 zz5,9                       0             0               
    72 zz5,12                      0             0               
    73 zz5,13                      0             0               
    74 zz5,16                      0             0               
    75 zz5,17                      0             0               
    76 zz5,18                      0             0               
    77 zz5,19                      0             0               
    78 zz5,21                      0             0               
    79 zz5,23                      0             0               
    80 zz5,24                      0             0               
    81 zz5,25                      0             0               
    82 zz6,14                      0             0               
    83 zz6,22                      0             0               
    84 zz7,9                       0             0               
    85 zz7,12                      0             0               
    86 zz7,13                      0             0               
    87 zz7,18                      0             0               
    88 zz7,19                      0             0               
    89 zz7,23                      0             0               
    90 zz7,24                      0             0               
    91 zz7,25                      0             0               
    92 zz8,21                      0             0               
    93 zz9,12                      0             0               
    94 zz9,13                      0             0               
    95 zz9,18                      0             0               
    96 zz9,19                      0             0               
    97 zz9,23                      0             0               
    98 zz9,24                      0             0               
    99 zz9,25                      0             0               
   100 zz10,16                     0             0               
   101 zz10,17                     0             0               
   102 zz12,13                     0             0               
   103 zz12,18                     0             0               
   104 zz12,19                     0             0               
   105 zz12,23                     0             0               
   106 zz12,24                     0             0               
   107 zz12,25                     0             0               
   108 zz13,18                     0             0               
   109 zz13,19                     0             0               
   110 zz13,23                     0             0               
   111 zz13,24                     0             0               
   112 zz13,25                     0             0               
   113 zz14,22                     0             0               
   114 zz15,22                     0             0               
   115 zz16,17                     0             0               
   116 zz18,19                     0             0               
   117 zz18,23                     0             0               
   118 zz18,24                     0             0               
   119 zz18,25                     0             0               
   120 zz19,23                     0             0               
   121 zz19,24                     0             0               
   122 zz19,25                     0             0               
   123 zz23,24                     0             0               
   124 zz23,25                     0             0               
   125 zz24,25                     0             0               

Integer feasibility conditions:

KKT.PE: max.abs.err = 0.00e+00 on row 0
        max.rel.err = 0.00e+00 on row 0
        High quality

KKT.PB: max.abs.err = 0.00e+00 on row 0
        max.rel.err = 0.00e+00 on row 0
        High quality

End of output
