   2.0000000e+00   6.0000000e+00   6.8946834e-01
   2.0000000e+00   1.4000000e+01   8.0934643e-01
   2.0000000e+00   1.5000000e+01   1.5217939e-01
   2.0000000e+00   2.2000000e+01   4.4286065e-01
   3.0000000e+00   5.0000000e+00   7.0911722e-01
   3.0000000e+00   8.0000000e+00   6.0861305e-01
   3.0000000e+00   2.1000000e+01   5.3289138e-01
   4.0000000e+00   5.0000000e+00   1.8040150e-02
   4.0000000e+00   7.0000000e+00   3.2959193e-02
   4.0000000e+00   1.3000000e+01   1.4035575e-02
   4.0000000e+00   1.9000000e+01   1.7809982e-02
   4.0000000e+00   2.5000000e+01   6.3111977e-03
   5.0000000e+00   7.0000000e+00   2.5269044e-01
   5.0000000e+00   8.0000000e+00   6.5927802e-01
   5.0000000e+00   9.0000000e+00   3.7706659e-01
   5.0000000e+00   1.0000000e+01   2.1266844e-03
   5.0000000e+00   1.2000000e+01   5.7024530e-01
   5.0000000e+00   1.3000000e+01   1.6415803e-01
   5.0000000e+00   1.6000000e+01   8.7956099e-01
   5.0000000e+00   1.7000000e+01   1.4956458e-01
   5.0000000e+00   1.8000000e+01   7.1282268e-01
   5.0000000e+00   1.9000000e+01   7.3488183e-01
   5.0000000e+00   2.1000000e+01   6.3539011e-01
   5.0000000e+00   2.3000000e+01   5.2300514e-01
   5.0000000e+00   2.4000000e+01   3.4734759e-01
   5.0000000e+00   2.5000000e+01   2.1422679e-01
   6.0000000e+00   1.4000000e+01   5.8521220e-01
   6.0000000e+00   1.5000000e+01   1.0808768e-01
   6.0000000e+00   2.2000000e+01   3.1924306e-01
   7.0000000e+00   9.0000000e+00   8.1647202e-01
   7.0000000e+00   1.2000000e+01   8.2287353e-01
   7.0000000e+00   1.3000000e+01   6.6232284e-01
   7.0000000e+00   1.8000000e+01   9.8705036e-01
   7.0000000e+00   1.9000000e+01   7.7117898e-01
   7.0000000e+00   2.3000000e+01   5.9234540e-01
   7.0000000e+00   2.4000000e+01   8.0549029e-01
   7.0000000e+00   2.5000000e+01   7.6300524e-01
   8.0000000e+00   2.1000000e+01   8.3660545e-01
   9.0000000e+00   1.2000000e+01   3.5067496e-01
   9.0000000e+00   1.3000000e+01   4.5593812e-01
   9.0000000e+00   1.8000000e+01   3.1476936e-01
   9.0000000e+00   1.9000000e+01   6.8572729e-01
   9.0000000e+00   2.3000000e+01   6.5827393e-01
   9.0000000e+00   2.4000000e+01   9.9059609e-01
   9.0000000e+00   2.5000000e+01   9.5540725e-01
   1.0000000e+01   1.6000000e+01   2.8497160e-02
   1.0000000e+01   1.7000000e+01   7.7564637e-02
   1.2000000e+01   1.3000000e+01   5.1449506e-01
   1.2000000e+01   1.8000000e+01   1.7156157e-01
   1.2000000e+01   1.9000000e+01   9.4966550e-01
   1.2000000e+01   2.3000000e+01   1.5675388e-01
   1.2000000e+01   2.4000000e+01   7.7540618e-01
   1.2000000e+01   2.5000000e+01   8.7957948e-01
   1.3000000e+01   1.8000000e+01   7.8908168e-01
   1.3000000e+01   1.9000000e+01   4.9109501e-01
   1.3000000e+01   2.3000000e+01   4.1675034e-01
   1.3000000e+01   2.4000000e+01   5.2887350e-01
   1.3000000e+01   2.5000000e+01   5.7793865e-01
   1.4000000e+01   1.5000000e+01   2.7991938e-01
   1.4000000e+01   2.2000000e+01   5.6426640e-01
   1.5000000e+01   2.2000000e+01   4.4293273e-01
   1.6000000e+01   1.7000000e+01   8.7330317e-01
   1.8000000e+01   1.9000000e+01   7.8476513e-01
   1.8000000e+01   2.3000000e+01   7.0901397e-01
   1.8000000e+01   2.4000000e+01   3.8501904e-01
   1.8000000e+01   2.5000000e+01   9.7850190e-01
   1.9000000e+01   2.3000000e+01   5.1473628e-01
   1.9000000e+01   2.4000000e+01   3.3364935e-01
   1.9000000e+01   2.5000000e+01   7.7280423e-01
   2.3000000e+01   2.4000000e+01   2.8923277e-01
   2.3000000e+01   2.5000000e+01   7.6292009e-01
   2.4000000e+01   2.5000000e+01   9.5931742e-01
