   2.0000000e+00   6.0000000e+00   2.4619372e-01
   2.0000000e+00   1.4000000e+01   3.3819242e-01
   2.0000000e+00   2.2000000e+01   4.1323831e-01
   3.0000000e+00   5.0000000e+00   3.0342296e-01
   3.0000000e+00   8.0000000e+00   3.0029155e-01
   3.0000000e+00   2.1000000e+01   3.5914048e-01
   4.0000000e+00   5.0000000e+00   5.8201058e-01
   4.0000000e+00   7.0000000e+00   3.3365727e-01
   4.0000000e+00   1.3000000e+01   5.3989850e-03
   4.0000000e+00   1.9000000e+01   6.8675089e-02
   4.0000000e+00   2.5000000e+01   1.1607818e-01
   5.0000000e+00   3.0000000e+00   6.6947414e-03
   5.0000000e+00   4.0000000e+00   2.2675737e-03
   5.0000000e+00   7.0000000e+00   1.0052910e-01
   5.0000000e+00   8.0000000e+00   2.3755534e-03
   5.0000000e+00   9.0000000e+00   2.9802397e-02
   5.0000000e+00   1.2000000e+01   3.8872692e-03
   5.0000000e+00   1.3000000e+01   5.2046215e-02
   5.0000000e+00   1.6000000e+01   8.6383760e-02
   5.0000000e+00   1.7000000e+01   9.4914156e-02
   5.0000000e+00   1.8000000e+01   9.7721628e-02
   5.0000000e+00   1.9000000e+01   2.0580931e-01
   5.0000000e+00   2.1000000e+01   1.8356549e-03
   5.0000000e+00   2.3000000e+01   6.0576612e-02
   5.0000000e+00   2.4000000e+01   3.3905626e-02
   5.0000000e+00   2.5000000e+01   1.7633085e-01
   6.0000000e+00   2.0000000e+00   7.8846777e-01
   6.0000000e+00   1.4000000e+01   6.9096210e-01
   6.0000000e+00   2.2000000e+01   3.4423928e-01
   7.0000000e+00   4.0000000e+00   2.5915128e-03
   7.0000000e+00   5.0000000e+00   1.6034985e-01
   7.0000000e+00   9.0000000e+00   4.4379657e-02
   7.0000000e+00   1.2000000e+01   8.9623151e-03
   7.0000000e+00   1.3000000e+01   4.9152359e-01
   7.0000000e+00   1.8000000e+01   2.5655977e-01
   7.0000000e+00   1.9000000e+01   2.0030234e-01
   7.0000000e+00   2.3000000e+01   1.0895152e-01
   7.0000000e+00   2.4000000e+01   8.7355577e-02
   7.0000000e+00   2.5000000e+01   4.1518195e-01
   8.0000000e+00   3.0000000e+00   3.9444984e-01
   8.0000000e+00   5.0000000e+00   2.0451355e-01
   8.0000000e+00   2.1000000e+01   5.7509988e-01
   9.0000000e+00   5.0000000e+00   1.9166397e-01
   9.0000000e+00   7.0000000e+00   2.4694957e-01
   9.0000000e+00   1.2000000e+01   7.4613973e-02
   9.0000000e+00   1.3000000e+01   1.2773998e-01
   9.0000000e+00   1.8000000e+01   1.8658892e-01
   9.0000000e+00   1.9000000e+01   4.4012526e-01
   9.0000000e+00   2.3000000e+01   3.8073642e-01
   9.0000000e+00   2.4000000e+01   9.3586006e-01
   9.0000000e+00   2.5000000e+01   6.0112299e-01
   1.0000000e+01   1.6000000e+01   4.1896124e-02
   1.0000000e+01   1.7000000e+01   2.1919879e-02
   1.2000000e+01   5.0000000e+00   1.1078717e-01
   1.2000000e+01   7.0000000e+00   2.9586438e-01
   1.2000000e+01   9.0000000e+00   3.8181622e-01
   1.2000000e+01   1.3000000e+01   1.6618076e-01
   1.2000000e+01   1.8000000e+01   2.5774754e-01
   1.2000000e+01   1.9000000e+01   7.1072238e-01
   1.2000000e+01   2.3000000e+01   8.7398769e-01
   1.2000000e+01   2.4000000e+01   4.5783393e-01
   1.2000000e+01   2.5000000e+01   1.6834035e-01
   1.3000000e+01   4.0000000e+00   4.3191880e-04
   1.3000000e+01   5.0000000e+00   1.4750027e-01
   1.3000000e+01   7.0000000e+00   8.4159378e-01
   1.3000000e+01   9.0000000e+00   3.6389159e-02
   1.3000000e+01   1.2000000e+01   9.9341324e-03
   1.3000000e+01   1.8000000e+01   2.5342836e-01
   1.3000000e+01   1.9000000e+01   1.7687075e-01
   1.3000000e+01   2.3000000e+01   1.1143505e-01
   1.3000000e+01   2.4000000e+01   7.5153871e-02
   1.3000000e+01   2.5000000e+01   3.8732318e-01
   1.4000000e+01   2.0000000e+00   5.3233992e-01
   1.4000000e+01   6.0000000e+00   3.5028615e-01
   1.4000000e+01   2.2000000e+01   3.9283015e-01
   1.5000000e+01   2.2000000e+01   2.8290681e-02
   1.6000000e+01   5.0000000e+00   3.4596696e-01
   1.6000000e+01   1.0000000e+01   1.7276752e-03
   1.6000000e+01   1.7000000e+01   7.6190476e-01
   1.7000000e+01   5.0000000e+00   3.9380197e-01
   1.7000000e+01   1.0000000e+01   8.6383760e-04
   1.7000000e+01   1.6000000e+01   8.2280531e-01
   1.8000000e+01   5.0000000e+00   4.3159486e-01
   1.8000000e+01   7.0000000e+00   7.2907893e-01
   1.8000000e+01   9.0000000e+00   9.3402440e-02
   1.8000000e+01   1.2000000e+01   2.5267250e-02
   1.8000000e+01   1.3000000e+01   4.4941151e-01
   1.8000000e+01   1.9000000e+01   5.3579527e-01
   1.8000000e+01   2.3000000e+01   2.4036281e-01
   1.8000000e+01   2.4000000e+01   1.6510096e-01
   1.8000000e+01   2.5000000e+01   7.0640320e-01
   1.9000000e+01   4.0000000e+00   6.4787820e-04
   1.9000000e+01   5.0000000e+00   4.9011986e-01
   1.9000000e+01   7.0000000e+00   2.8808984e-01
   1.9000000e+01   9.0000000e+00   1.2309686e-01
   1.9000000e+01   1.2000000e+01   3.5093402e-02
   1.9000000e+01   1.3000000e+01   1.5257532e-01
   1.9000000e+01   1.8000000e+01   2.9921175e-01
   1.9000000e+01   2.3000000e+01   2.1952273e-01
   1.9000000e+01   2.4000000e+01   1.4706835e-01
   1.9000000e+01   2.5000000e+01   5.0793651e-01
   2.1000000e+01   3.0000000e+00   3.7490552e-01
   2.1000000e+01   5.0000000e+00   1.0905950e-01
   2.1000000e+01   8.0000000e+00   4.3289062e-01
   2.2000000e+01   2.0000000e+00   2.6422633e-01
   2.2000000e+01   6.0000000e+00   7.8609221e-02
   2.2000000e+01   1.4000000e+01   1.6024187e-01
   2.2000000e+01   1.5000000e+01   2.7318864e-02
   2.3000000e+01   5.0000000e+00   1.0797970e-01
   2.3000000e+01   7.0000000e+00   1.4609653e-01
   2.3000000e+01   9.0000000e+00   8.4872044e-02
   2.3000000e+01   1.2000000e+01   3.3365727e-02
   2.3000000e+01   1.3000000e+01   9.0379009e-02
   2.3000000e+01   1.8000000e+01   1.1478242e-01
   2.3000000e+01   1.9000000e+01   1.7795055e-01
   2.3000000e+01   2.4000000e+01   1.2687615e-01
   2.3000000e+01   2.5000000e+01   1.2590433e-01
   2.4000000e+01   5.0000000e+00   1.2914372e-01
   2.4000000e+01   7.0000000e+00   2.7934348e-01
   2.4000000e+01   9.0000000e+00   4.5157110e-01
   2.4000000e+01   1.2000000e+01   5.1074398e-02
   2.4000000e+01   1.3000000e+01   1.5225138e-01
   2.4000000e+01   1.8000000e+01   1.8939639e-01
   2.4000000e+01   1.9000000e+01   2.9694417e-01
   2.4000000e+01   2.3000000e+01   2.9953569e-01
   2.4000000e+01   2.5000000e+01   6.1818378e-01
   2.5000000e+01   4.0000000e+00   5.3989850e-04
   2.5000000e+01   5.0000000e+00   1.4350502e-01
   2.5000000e+01   7.0000000e+00   2.3280423e-01
   2.5000000e+01   9.0000000e+00   5.5717525e-02
   2.5000000e+01   1.2000000e+01   3.9952489e-03
   2.5000000e+01   1.3000000e+01   1.2968362e-01
   2.5000000e+01   1.8000000e+01   1.2989958e-01
   2.5000000e+01   1.9000000e+01   1.7471115e-01
   2.5000000e+01   2.3000000e+01   5.9496815e-02
   2.5000000e+01   2.4000000e+01   1.0873556e-01
