   2.0000000e+00   6.0000000e+00   7.8846777e-01
   2.0000000e+00   1.4000000e+01   5.3233992e-01
   2.0000000e+00   2.2000000e+01   4.1323831e-01
   3.0000000e+00   5.0000000e+00   3.0342296e-01
   3.0000000e+00   8.0000000e+00   3.9444984e-01
   3.0000000e+00   2.1000000e+01   3.7490552e-01
   4.0000000e+00   5.0000000e+00   5.8201058e-01
   4.0000000e+00   7.0000000e+00   3.3365727e-01
   4.0000000e+00   1.3000000e+01   5.3989850e-03
   4.0000000e+00   1.9000000e+01   6.8675089e-02
   4.0000000e+00   2.5000000e+01   1.1607818e-01
   5.0000000e+00   7.0000000e+00   1.6034985e-01
   5.0000000e+00   8.0000000e+00   2.0451355e-01
   5.0000000e+00   9.0000000e+00   1.9166397e-01
   5.0000000e+00   1.2000000e+01   1.1078717e-01
   5.0000000e+00   1.3000000e+01   1.4750027e-01
   5.0000000e+00   1.6000000e+01   3.4596696e-01
   5.0000000e+00   1.7000000e+01   3.9380197e-01
   5.0000000e+00   1.8000000e+01   4.3159486e-01
   5.0000000e+00   1.9000000e+01   4.9011986e-01
   5.0000000e+00   2.1000000e+01   1.0905950e-01
   5.0000000e+00   2.3000000e+01   1.0797970e-01
   5.0000000e+00   2.4000000e+01   1.2914372e-01
   5.0000000e+00   2.5000000e+01   1.7633085e-01
   6.0000000e+00   1.4000000e+01   6.9096210e-01
   6.0000000e+00   2.2000000e+01   3.4423928e-01
   7.0000000e+00   9.0000000e+00   2.4694957e-01
   7.0000000e+00   1.2000000e+01   2.9586438e-01
   7.0000000e+00   1.3000000e+01   8.4159378e-01
   7.0000000e+00   1.8000000e+01   7.2907893e-01
   7.0000000e+00   1.9000000e+01   2.8808984e-01
   7.0000000e+00   2.3000000e+01   1.4609653e-01
   7.0000000e+00   2.4000000e+01   2.7934348e-01
   7.0000000e+00   2.5000000e+01   4.1518195e-01
   8.0000000e+00   2.1000000e+01   5.7509988e-01
   9.0000000e+00   1.2000000e+01   3.8181622e-01
   9.0000000e+00   1.3000000e+01   1.2773998e-01
   9.0000000e+00   1.8000000e+01   1.8658892e-01
   9.0000000e+00   1.9000000e+01   4.4012526e-01
   9.0000000e+00   2.3000000e+01   3.8073642e-01
   9.0000000e+00   2.4000000e+01   9.3586006e-01
   9.0000000e+00   2.5000000e+01   6.0112299e-01
   1.0000000e+01   1.6000000e+01   4.1896124e-02
   1.0000000e+01   1.7000000e+01   2.1919879e-02
   1.2000000e+01   1.3000000e+01   1.6618076e-01
   1.2000000e+01   1.8000000e+01   2.5774754e-01
   1.2000000e+01   1.9000000e+01   7.1072238e-01
   1.2000000e+01   2.3000000e+01   8.7398769e-01
   1.2000000e+01   2.4000000e+01   4.5783393e-01
   1.2000000e+01   2.5000000e+01   1.6834035e-01
   1.3000000e+01   1.8000000e+01   4.4941151e-01
   1.3000000e+01   1.9000000e+01   1.7687075e-01
   1.3000000e+01   2.3000000e+01   1.1143505e-01
   1.3000000e+01   2.4000000e+01   1.5225138e-01
   1.3000000e+01   2.5000000e+01   3.8732318e-01
   1.4000000e+01   2.2000000e+01   3.9283015e-01
   1.5000000e+01   2.2000000e+01   2.8290681e-02
   1.6000000e+01   1.7000000e+01   8.2280531e-01
   1.8000000e+01   1.9000000e+01   5.3579527e-01
   1.8000000e+01   2.3000000e+01   2.4036281e-01
   1.8000000e+01   2.4000000e+01   1.8939639e-01
   1.8000000e+01   2.5000000e+01   7.0640320e-01
   1.9000000e+01   2.3000000e+01   2.1952273e-01
   1.9000000e+01   2.4000000e+01   2.9694417e-01
   1.9000000e+01   2.5000000e+01   5.0793651e-01
   2.3000000e+01   2.4000000e+01   2.9953569e-01
   2.3000000e+01   2.5000000e+01   1.2590433e-01
   2.4000000e+01   2.5000000e+01   6.1818378e-01
